1871 1 0.108621
1871 2 0.200658
1871 3 0.14866
1871 4 0.235803
1871 5 0.269136
1871 6 0.211173
1871 7 0.0712085
1871 8 0.129509
1871 9 0.24141
1871 10 0.0486958
1871 11 0.236169
1871 12 0.17739
1872 1 0.315916
1872 2 0.395536
1872 3 0.276195
1872 4 0.291511
1872 5 0.255779
1872 6 0.312571
1872 7 0.226313
1872 8 0.176978
1872 9 0.260628
1872 10 0.312292
1872 11 0.356932
1872 12 0.288805
1873 1 0.411269
1873 2 0.0296122
1873 3 -0.0667162
1873 4 0.106759
1873 5 -0.0270069
1873 6 -0.200066
1873 7 -0.18408
1873 8 -0.292167
1873 9 -0.081725
1873 10 0.095755
1873 11 0.0959324
1873 12 0.0920687
1874 1 -0.00249789
1874 2 -0.0212122
1874 3 -0.204789
1874 4 -0.347038
1874 5 -0.0469209
1874 6 -0.0708643
1874 7 0.175431
1874 8 0.132852
1874 9 -0.212186
1874 10 -0.563665
1874 11 -0.169754
1874 12 -0.377486
1875 1 -0.0827632
1875 2 0.161712
1875 3 0.236042
1875 4 0.381146
1875 5 0.256463
1875 6 0.270138
1875 7 -0.0275374
1875 8 0.224733
1875 9 0.176651
1875 10 -0.0681854
1875 11 -0.404618
1875 12 -0.0679092
1876 1 -0.0200492
1876 2 -0.152835
1876 3 -0.0479233
1876 4 -0.0909611
1876 5 -0.0789
1876 6 -0.0633906
1876 7 0.0870362
1876 8 0.204716
1876 9 0.464623
1876 10 0.328338
1876 11 0.0616624
1876 12 0.0813117
1877 1 0.032964
1877 2 0.693166
1877 3 0.464373
1877 4 0.090938
1877 5 -0.284247
1877 6 -0.0867047
1877 7 -0.0560996
1877 8 0.686312
1877 9 1.08076
1877 10 0.971692
1877 11 0.977109
1877 12 0.565876
1878 1 0.146047
1878 2 0.0326466
1878 3 0.375142
1878 4 0.335385
1878 5 0.0815956
1878 6 0.115121
1878 7 0.15513
1878 8 0.243634
1878 9 0.374212
1878 10 -0.0672366
1878 11 -0.00935412
1878 12 -0.0522758
1879 1 -0.0549397
1879 2 -0.0539437
1879 3 -0.0922713
1879 4 -0.15969
1879 5 -0.118658
1879 6 0.107013
1879 7 0.125615
1879 8 -0.148175
1879 9 -0.0092982
1879 10 -0.218054
1879 11 -0.32932
1879 12 -0.225178
1880 1 -0.133269
1880 2 0.0780021
1880 3 0.0151974
1880 4 0.360231
1880 5 0.219263
1880 6 0.0520982
1880 7 -0.0338514
1880 8 -0.0777506
1880 9 0.010149
1880 10 -0.175883
1880 11 -0.0964182
1880 12 0.0488989
1881 1 0.157126
1881 2 -0.150649
1881 3 0.013151
1881 4 -0.0491789
1881 5 0.262013
1881 6 0.544771
1881 7 0.388839
1881 8 0.416815
1881 9 0.28665
1881 10 0.117048
1881 11 0.0635923
1881 12 -0.0916147
1882 1 -0.183835
1882 2 -0.297595
1882 3 0.190002
1882 4 0.238903
1882 5 0.302106
1882 6 0.277775
1882 7 0.241303
1882 8 -0.0100894
1882 9 -0.0659316
1882 10 0.0583039
1882 11 0.0427216
1882 12 -0.0615979
1883 1 -0.327978
1883 2 0.140076
1883 3 0.0265924
1883 4 0.219079
1883 5 0.173124
1883 6 0.295686
1883 7 0.204752
1883 8 0.332437
1883 9 0.0588357
1883 10 0.19049
1883 11 0.0567661
1883 12 0.0316843
1884 1 -0.0895348
1884 2 0.136576
1884 3 0.015147
1884 4 0.418751
1884 5 0.601733
1884 6 0.147759
1884 7 0.469831
1884 8 0.182673
1884 9 0.117369
1884 10 0.195388
1884 11 -0.0409527
1884 12 -0.0271014
1885 1 -0.112937
1885 2 0.225077
1885 3 0.14821
1885 4 0.149539
1885 5 0.156468
1885 6 0.199036
1885 7 0.225796
1885 8 0.218832
1885 9 0.205697
1885 10 0.319811
1885 11 -0.0415395
1885 12 0.0031361
1886 1 -0.249378
1886 2 -0.405207
1886 3 -0.0972573
1886 4 0.0978268
1886 5 -0.0648474
1886 6 0.00506585
1886 7 -0.24779
1886 8 -0.426186
1886 9 -0.410826
1886 10 -0.342576
1886 11 -0.262973
1886 12 -0.205614
1887 1 -0.133417
1887 2 -0.0671669
1887 3 0.0302244
1887 4 0.0694959
1887 5 0.0451334
1887 6 0.15413
1887 7 0.220804
1887 8 0.429828
1887 9 0.229609
1887 10 0.0193233
1887 11 0.11285
1887 12 0.0545221
1888 1 -0.0413836
1888 2 -0.272098
1888 3 -0.401692
1888 4 -0.490567
1888 5 -0.12686
1888 6 -0.0712508
1888 7 0.0149014
1888 8 0.101816
1888 9 0.0306488
1888 10 0.126769
1888 11 -0.113947
1888 12 -0.0624262
1889 1 -0.300954
1889 2 0.0988332
1889 3 -0.294279
1889 4 -0.433968
1889 5 -0.26948
1889 6 -0.19543
1889 7 -0.0358562
1889 8 -0.185029
1889 9 -0.335217
1889 10 -0.57779
1889 11 -0.452671
1889 12 -0.060859
1890 1 0.180583
1890 2 0.221415
1890 3 0.106605
1890 4 0.11983
1890 5 -0.0105114
1890 6 -0.435498
1890 7 -0.468406
1890 8 -0.280728
1890 9 -0.556865
1890 10 -0.628318
1890 11 -0.510873
1890 12 -0.232276
1891 1 -0.0172874
1891 2 -0.249868
1891 3 -0.288337
1891 4 0.0525263
1891 5 0.0177099
1891 6 0.227749
1891 7 0.129591
1891 8 0.406998
1891 9 0.442648
1891 10 0.389758
1891 11 0.254542
1891 12 0.408118
1892 1 0.0859333
1892 2 0.0143929
1892 3 0.0989114
1892 4 0.021311
1892 5 0.0731648
1892 6 -0.119395
1892 7 -0.203609
1892 8 -0.574244
1892 9 -0.606054
1892 10 -0.292984
1892 11 -0.0793066
1892 12 -0.169023
1893 1 -0.160118
1893 2 -0.180965
1893 3 -0.107289
1893 4 -0.249244
1893 5 -0.185655
1893 6 -0.19598
1893 7 -0.0930196
1893 8 -0.301528
1893 9 -0.149534
1893 10 -0.260338
1893 11 -0.128856
1893 12 -0.0237863
1894 1 0.204861
1894 2 0.0385685
1894 3 0.0261987
1894 4 0.00953464
1894 5 0.104105
1894 6 0.206151
1894 7 0.238176
1894 8 0.516508
1894 9 0.175544
1894 10 0.172129
1894 11 0.0948971
1894 12 0.0837532
1895 1 0.103631
1895 2 0.230634
1895 3 0.175414
1895 4 0.135184
1895 5 0.163776
1895 6 0.210786
1895 7 0.0265657
1895 8 0.357655
1895 9 0.22373
1895 10 0.357811
1895 11 -0.0713549
1895 12 -0.0187815
1896 1 -0.0616369
1896 2 -0.256547
1896 3 -0.242139
1896 4 0.0480652
1896 5 0.132608
1896 6 0.182291
1896 7 0.339805
1896 8 0.296192
1896 9 0.50086
1896 10 0.787785
1896 11 0.40988
1896 12 0.444241
1897 1 0.13775
1897 2 0.0190429
1897 3 0.0400313
1897 4 0.15942
1897 5 0.154162
1897 6 0.0836946
1897 7 0.220406
1897 8 0.242854
1897 9 -0.0047009
1897 10 -0.55033
1897 11 -0.490828
1897 12 -0.376379
1898 1 -0.240416
1898 2 -0.14522
1898 3 -0.0597785
1898 4 -0.0592444
1898 5 -0.158789
1898 6 -0.112359
1898 7 -0.360298
1898 8 -0.368672
1898 9 -0.345501
1898 10 -0.377378
1898 11 -0.274362
1898 12 -0.142421
1899 1 -0.146078
1899 2 -0.0274666
1899 3 0.0781546
1899 4 0.15986
1899 5 0.21484
1899 6 -0.0696856
1899 7 -0.139966
1899 8 -0.0306939
1899 9 -0.41494
1899 10 0.0867615
1899 11 -0.0540076
1899 12 -0.38067
1900 1 -0.154359
1900 2 0.027596
1900 3 -0.154943
1900 4 0.0242287
1900 5 0.178394
1900 6 0.279649
1900 7 0.127031
1900 8 -0.048681
1900 9 -0.000919918
1900 10 0.0837898
1900 11 0.18584
1900 12 -0.261935
1901 1 -0.211727
1901 2 -0.549483
1901 3 -0.418576
1901 4 -0.184428
1901 5 -0.214025
1901 6 -0.295051
1901 7 -0.286975
1901 8 -0.390432
1901 9 -0.509438
1901 10 -0.259633
1901 11 -0.35614
1901 12 -0.33647
1902 1 -0.174646
1902 2 -0.151958
1902 3 0.0242256
1902 4 0.345733
1902 5 0.262163
1902 6 0.218122
1902 7 0.337283
1902 8 0.717625
1902 9 0.681346
1902 10 0.262549
1902 11 0.304561
1902 12 0.0648008
1903 1 -0.179037
1903 2 -0.266257
1903 3 -0.0819196
1903 4 -0.305535
1903 5 0.0459622
1903 6 -0.0140489
1903 7 -0.178684
1903 8 -0.0239066
1903 9 -0.169521
1903 10 -0.520693
1903 11 -0.267226
1903 12 -0.127018
1904 1 0.0257351
1904 2 0.0332666
1904 3 0.0313635
1904 4 0.237298
1904 5 0.0357344
1904 6 0.0103279
1904 7 0.126339
1904 8 -0.00522913
1904 9 -0.168269
1904 10 0.248726
1904 11 0.0099383
1904 12 -0.308844
1905 1 -0.311011
1905 2 -0.0818311
1905 3 -0.18263
1905 4 -0.174885
1905 5 0.0948399
1905 6 -0.120051
1905 7 0.142982
1905 8 0.180597
1905 9 0.512581
1905 10 0.0381555
1905 11 -0.0539596
1905 12 -0.206269
1906 1 -0.296072
1906 2 -0.16661
1906 3 -0.217924
1906 4 -0.458669
1906 5 -0.0999931
1906 6 -0.0718639
1906 7 -0.542767
1906 8 -0.637042
1906 9 -1.07538
1906 10 -0.491376
1906 11 -0.422797
1906 12 -0.0476764
1907 1 -0.0837136
1907 2 0.086446
1907 3 0.198338
1907 4 -0.0601528
1907 5 -0.0124632
1907 6 -0.0631208
1907 7 -0.19338
1907 8 -0.525857
1907 9 -0.0247911
1907 10 0.0828217
1907 11 -0.0262894
1907 12 0.094393
1908 1 -0.108614
1908 2 -0.0710682
1908 3 -0.00619083
1908 4 -0.478681
1908 5 0.0697545
1908 6 0.328822
1908 7 -0.182
1908 8 -0.0428855
1908 9 0.166359
1908 10 0.0255159
1908 11 -0.142286
1908 12 -0.272079
1909 1 -0.44787
1909 2 -0.230307
1909 3 -0.288554
1909 4 -0.143168
1909 5 -0.48402
1909 6 -0.607843
1909 7 -0.601337
1909 8 -0.564988
1909 9 -0.40256
1909 10 -0.233836
1909 11 -0.0669832
1909 12 0.0541701
1910 1 -0.267848
1910 2 0.0759435
1910 3 -0.23454
1910 4 -0.132247
1910 5 -0.238954
1910 6 -0.169721
1910 7 -0.603172
1910 8 -0.415273
1910 9 -0.513632
1910 10 -0.551426
1910 11 -0.333898
1910 12 -0.00456074
1911 1 0.0713392
1911 2 -0.226493
1911 3 -0.446011
1911 4 -0.447299
1911 5 -0.134176
1911 6 -0.516007
1911 7 -0.365821
1911 8 -0.179883
1911 9 -0.0576435
1911 10 -0.18401
1911 11 0.114505
1911 12 0.145857
1912 1 0.0142714
1912 2 -0.0320101
1912 3 0.186463
1912 4 0.0404924
1912 5 0.22209
1912 6 0.280704
1912 7 -0.252828
1912 8 -0.342359
1912 9 -0.211992
1912 10 -0.115977
1912 11 -0.369974
1912 12 -0.199949
1913 1 0.0142256
1913 2 0.133072
1913 3 0.0916671
1913 4 -0.0041587
1913 5 0.089867
1913 6 0.355149
1913 7 0.0392498
1913 8 -0.108958
1913 9 0.010845
1913 10 0.318751
1913 11 0.106069
1913 12 0.0592074
1914 1 -0.0204324
1914 2 0.100926
1914 3 -0.0901053
1914 4 0.0451817
1914 5 0.180803
1914 6 0.82199
1914 7 0.506243
1914 8 0.367643
1914 9 0.399954
1914 10 0.414001
1914 11 -0.181026
1914 12 -0.384816
1915 1 -0.35426
1915 2 -0.407945
1915 3 -0.138064
1915 4 0.0234229
1915 5 -0.176432
1915 6 0.111817
1915 7 -0.269539
1915 8 -0.0355225
1915 9 0.129769
1915 10 0.165064
1915 11 0.125532
1915 12 0.265218
1916 1 0.105432
1916 2 0.200984
1916 3 0.281929
1916 4 0.398302
1916 5 0.120608
1916 6 -0.10871
1916 7 -0.279037
1916 8 -0.436807
1916 9 -0.742632
1916 10 -0.481515
1916 11 -0.379961
1916 12 -0.00478942
1917 1 0.185521
1917 2 0.172326
1917 3 0.10443
1917 4 0.0155786
1917 5 -0.142624
1917 6 -0.0707527
1917 7 -0.184249
1917 8 -0.0313777
1917 9 -0.354544
1917 10 -0.571902
1917 11 -0.553407
1917 12 -0.393689
1918 1 0.209694
1918 2 0.315964
1918 3 0.293983
1918 4 -0.053683
1918 5 -0.156171
1918 6 0.052037
1918 7 0.244231
1918 8 0.278927
1918 9 0.45702
1918 10 0.605975
1918 11 0.531529
1918 12 0.341077
1919 1 0.235844
1919 2 0.145244
1919 3 -0.0198719
1919 4 -0.120177
1919 5 -0.0924899
1919 6 -0.0601736
1919 7 0.211809
1919 8 0.0673645
1919 9 0.25837
1919 10 0.109273
1919 11 0.0425503
1919 12 -0.126684
1920 1 0.25161
1920 2 0.280803
1920 3 0.35893
1920 4 0.306691
1920 5 0.524344
1920 6 0.189912
1920 7 -0.220721
1920 8 -0.210037
1920 9 -0.129757
1920 10 0.00354723
1920 11 -0.241068
1920 12 -0.111336
1921 1 -0.0673266
1921 2 0.056286
1921 3 0.123936
1921 4 0.0682434
1921 5 0.202226
1921 6 0.0349715
1921 7 -0.0637581
1921 8 -0.543717
1921 9 -0.0870772
1921 10 -0.00643245
1921 11 -0.156212
1921 12 -0.0859471
1922 1 -0.140534
1922 2 0.0413556
1922 3 0.283751
1922 4 -0.141273
1922 5 -0.11432
1922 6 0.186555
1922 7 -0.168234
1922 8 -0.0396241
1922 9 -0.0564362
1922 10 -0.0665917
1922 11 -0.209501
1922 12 -0.0436228
1923 1 0.00830061
1923 2 -0.189039
1923 3 -0.0618594
1923 4 0.0168069
1923 5 -0.0388159
1923 6 0.147703
1923 7 -0.0351192
1923 8 0.335958
1923 9 0.652737
1923 10 0.69542
1923 11 0.743569
1923 12 0.0764774
1924 1 -0.180026
1924 2 -0.327883
1924 3 -0.175604
1924 4 0.00274854
1924 5 -0.143086
1924 6 -0.173939
1924 7 -0.015814
1924 8 -0.0523712
1924 9 -0.175813
1924 10 0.228006
1924 11 -0.103681
1924 12 -0.0996344
1925 1 -0.110121
1925 2 0.160049
1925 3 0.184279
1925 4 0.682518
1925 5 0.197702
1925 6 0.30597
1925 7 0.195332
1925 8 0.30148
1925 9 0.806022
1925 10 0.528291
1925 11 0.429474
1925 12 0.122745
1926 1 0.227306
1926 2 -0.116873
1926 3 0.1878
1926 4 0.0149792
1926 5 0.181028
1926 6 0.390749
1926 7 0.158005
1926 8 0.347136
1926 9 0.0582936
1926 10 0.330216
1926 11 -0.165708
1926 12 -0.144425
1927 1 0.00991582
1927 2 0.27344
1927 3 0.00530651
1927 4 -0.152446
1927 5 -0.0136069
1927 6 0.0702312
1927 7 -0.19389
1927 8 -0.24543
1927 9 -0.199724
1927 10 -0.147383
1927 11 0.0215686
1927 12 -0.107032
1928 1 -0.131662
1928 2 -0.113424
1928 3 -0.0552492
1928 4 -0.0774983
1928 5 -0.0143304
1928 6 -0.203632
1928 7 -0.266617
1928 8 -0.501633
1928 9 -0.384806
1928 10 -0.276608
1928 11 0.112149
1928 12 -0.0961194
1929 1 -0.0635858
1929 2 -0.146974
1929 3 -0.0345145
1929 4 0.0239964
1929 5 -0.120373
1929 6 -0.017084
1929 7 -0.0449689
1929 8 -0.139171
1929 9 0.135907
1929 10 0.081319
1929 11 0.0287855
1929 12 0.245203
1930 1 -0.186218
1930 2 -0.276685
1930 3 -0.0922394
1930 4 0.0177134
1930 5 -0.188642
1930 6 0.0883744
1930 7 -0.0509737
1930 8 0.019539
1930 9 -0.335173
1930 10 0.0312574
1930 11 0.41882
1930 12 0.154048
1931 1 0.182714
1931 2 -0.0644189
1931 3 -0.288665
1931 4 -0.239966
1931 5 0.0260139
1931 6 -0.0037568
1931 7 -0.0174483
1931 8 -0.127802
1931 9 -0.527954
1931 10 -0.144705
1931 11 0.132161
1931 12 -0.529603
1932 1 -0.204817
1932 2 -0.362498
1932 3 -0.220863
1932 4 0.0985831
1932 5 -0.120598
1932 6 -0.148793
1932 7 0.105529
1932 8 -0.125519
1932 9 0.0326994
1932 10 -0.280377
1932 11 -0.0190627
1932 12 0.203338
1933 1 0.0361381
1933 2 0.120314
1933 3 0.225379
1933 4 0.386645
1933 5 -0.088306
1933 6 -0.0666064
1933 7 -0.102056
1933 8 -0.265951
1933 9 -1.06967
1933 10 -0.533028
1933 11 -0.301333
1933 12 -0.218104
1934 1 -0.412567
1934 2 -0.0839703
1934 3 -0.014138
1934 4 0.0677054
1934 5 0.00734827
1934 6 0.200347
1934 7 0.0189798
1934 8 0.314757
1934 9 -0.0515436
1934 10 0.0949258
1934 11 0.137797
1934 12 0.10397
1935 1 0.206106
1935 2 0.161076
1935 3 0.289866
1935 4 0.0197261
1935 5 0.282631
1935 6 0.302935
1935 7 0.363982
1935 8 0.289158
1935 9 0.172513
1935 10 0.108174
1935 11 0.39054
1935 12 0.260857
1936 1 0.285572
1936 2 -0.15835
1936 3 -0.00508983
1936 4 0.152421
1936 5 0.0375986
1936 6 0.279735
1936 7 0.264186
1936 8 -0.0730001
1936 9 0.0187348
1936 10 -0.243117
1936 11 0.227691
1936 12 -0.0435247
1937 1 0.0950235
1937 2 0.00634704
1937 3 -0.0397519
1937 4 -0.155704
1937 5 0.27109
1937 6 -0.0514025
1937 7 -0.181498
1937 8 0.0918157
1937 9 0.343766
1937 10 0.128239
1937 11 0.189107
1937 12 0.100691
1938 1 0.124513
1938 2 -0.00145094
1938 3 0.205469
1938 4 -0.111894
1938 5 0.247961
1938 6 -0.154969
1938 7 -0.253919
1938 8 0.183216
1938 9 -0.0184424
1938 10 -0.173565
1938 11 -0.401474
1938 12 -0.28328
1939 1 0.0529242
1939 2 0.380959
1939 3 0.183228
1939 4 -0.0530474
1939 5 -0.115315
1939 6 0.0403814
1939 7 -0.0582654
1939 8 -0.125983
1939 9 0.128464
1939 10 0.206202
1939 11 -0.0138708
1939 12 0.136603
1940 1 0.266567
1940 2 -0.0248908
1940 3 -0.264648
1940 4 -0.259975
1940 5 -0.219112
1940 6 0.189945
1940 7 -0.00695941
1940 8 0.068008
1940 9 0.0449332
1940 10 -0.0300012
1940 11 -0.0258061
1940 12 -0.0462514
1941 1 -0.124887
1941 2 -0.36728
1941 3 -0.0357247
1941 4 -0.0183095
1941 5 -0.0150133
1941 6 -0.117897
1941 7 -0.0466636
1941 8 -0.044657
1941 9 0.10873
1941 10 0.242233
1941 11 0.56937
1941 12 0.0984519
1942 1 0.0232602
1942 2 -0.0863043
1942 3 -0.0309183
1942 4 -0.169886
1942 5 -0.341443
1942 6 -0.680561
1942 7 -0.350293
1942 8 -0.718152
1942 9 -0.48935
1942 10 -0.175906
1942 11 -0.30905
1942 12 -0.32373
1943 1 -0.307477
1943 2 -0.0702342
1943 3 -0.137776
1943 4 -0.0324692
1943 5 0.0341775
1943 6 0.338425
1943 7 0.397549
1943 8 0.340235
1943 9 -0.20398
1943 10 -0.111429
1943 11 -0.0877485
1943 12 -0.139911
1944 1 0.0386758
1944 2 0.408191
1944 3 0.00602459
1944 4 -0.0332965
1944 5 0.479975
1944 6 0.104385
1944 7 0.37722
1944 8 0.364544
1944 9 0.420557
1944 10 -0.175849
1944 11 0.0331668
1944 12 0.419609
1945 1 0.0809608
1945 2 0.300469
1945 3 0.354958
1945 4 -0.134232
1945 5 -0.354465
1945 6 -0.337728
1945 7 -0.16015
1945 8 -0.298515
1945 9 -0.17458
1945 10 -0.109724
1945 11 -0.054106
1945 12 -0.0857368
1946 1 0.232235
1946 2 0.160521
1946 3 -0.0483382
1946 4 -0.323953
1946 5 0.481834
1946 6 -0.128625
1946 7 0.142325
1946 8 0.436238
1946 9 0.307192
1946 10 0.214419
1946 11 0.216913
1946 12 -0.0479465
1947 1 -0.102239
1947 2 0.185289
1947 3 0.148102
1947 4 -0.0229944
1947 5 0.285263
1947 6 0.11995
1947 7 -0.316844
1947 8 -0.33668
1947 9 -0.554043
1947 10 -0.435959
1947 11 -0.0785084
1947 12 -0.0795253
1948 1 -0.144834
1948 2 0.00454942
1948 3 0.178101
1948 4 0.0821814
1948 5 0.102476
1948 6 0.240697
1948 7 0.043537
1948 8 -0.147066
1948 9 -0.25173
1948 10 0.092125
1948 11 -0.12954
1948 12 -0.270918
1949 1 0.171842
1949 2 0.315058
1949 3 0.0215383
1949 4 0.321224
1949 5 0.0861611
1949 6 0.162465
1949 7 0.285805
1949 8 0.285555
1949 9 0.288398
1949 10 0.246484
1949 11 -0.134891
1949 12 -0.122477
1950 1 0.105856
1950 2 -0.381893
1950 3 -0.509031
1950 4 -0.291044
1950 5 -0.117676
1950 6 -0.301028
1950 7 -0.05408
1950 8 0.0537956
1950 9 -0.241786
1950 10 -0.205674
1950 11 -0.0016471
1950 12 0.14349
1951 1 0.363776
1951 2 0.324479
1951 3 0.372858
1951 4 -0.337329
1951 5 0.0370818
1951 6 0.000778085
1951 7 0.0789419
1951 8 0.400428
1951 9 0.385982
1951 10 0.218203
1951 11 0.367504
1951 12 0.146143
1952 1 0.0932321
1952 2 0.238737
1952 3 0.267137
1952 4 0.251089
1952 5 0.0486184
1952 6 0.201265
1952 7 -0.122648
1952 8 -0.163869
1952 9 -0.205088
1952 10 -0.165255
1952 11 0.0695287
1952 12 0.164877
1953 1 0.439281
1953 2 0.414224
1953 3 0.329852
1953 4 0.127725
1953 5 0.490499
1953 6 0.0786429
1953 7 0.110608
1953 8 0.0466031
1953 9 0.128832
1953 10 0.0623023
1953 11 0.119929
1953 12 0.107386
1954 1 -0.16238
1954 2 -0.0979234
1954 3 -0.0100193
1954 4 0.162761
1954 5 -0.336325
1954 6 -0.311036
1954 7 -0.556504
1954 8 -0.346786
1954 9 -0.340918
1954 10 -0.469867
1954 11 -0.21482
1954 12 0.109302
1955 1 0.0985579
1955 2 -0.0230733
1955 3 0.137488
1955 4 0.105988
1955 5 -0.497813
1955 6 -0.227796
1955 7 -0.15616
1955 8 -0.138212
1955 9 -0.336047
1955 10 -0.351349
1955 11 -0.0412605
1955 12 -0.106234
1956 1 0.0384713
1956 2 0.10346
1956 3 0.121023
1956 4 -0.124204
1956 5 -0.386447
1956 6 -0.632278
1956 7 -0.764154
1956 8 -0.470447
1956 9 -0.411614
1956 10 -0.28818
1956 11 -0.271014
1956 12 0.0349546
1957 1 -0.269954
1957 2 -0.391335
1957 3 -0.0525357
1957 4 -0.116196
1957 5 -0.109988
1957 6 -0.270326
1957 7 -0.183051
1957 8 0.0257521
1957 9 -0.00967111
1957 10 -0.146056
1957 11 -0.212847
1957 12 -0.0472426
1958 1 -0.204494
1958 2 -0.0555839
1958 3 -0.208876
1958 4 -0.156218
1958 5 -0.290383
1958 6 -0.641585
1958 7 -0.70945
1958 8 -0.898672
1958 9 -0.858733
1958 10 -0.551285
1958 11 -0.402563
1958 12 -0.399885
1959 1 0.140124
1959 2 -0.332266
1959 3 -0.348079
1959 4 -0.169349
1959 5 -0.520215
1959 6 -0.544445
1959 7 -0.367947
1959 8 -0.606541
1959 9 -0.445751
1959 10 -0.203633
1959 11 -0.310685
1959 12 -0.144521
1960 1 -0.0831359
1960 2 0.0939923
1960 3 -0.271275
1960 4 -0.531601
1960 5 -0.513823
1960 6 -0.480083
1960 7 -0.424319
1960 8 -0.298559
1960 9 -0.192192
1960 10 -0.515198
1960 11 -0.553648
1960 12 -0.422871
1961 1 -0.01054
1961 2 0.0501478
1961 3 0.00744493
1961 4 -0.411484
1961 5 -0.255619
1961 6 0.145587
1961 7 0.85876
1961 8 0.986013
1961 9 0.868915
1961 10 0.77554
1961 11 0.519581
1961 12 0.474886
1962 1 0.608399
1962 2 0.628835
1962 3 0.461756
1962 4 0.135929
1962 5 -0.206649
1962 6 -0.288962
1962 7 -0.183753
1962 8 -0.0220771
1962 9 0.173163
1962 10 0.0325242
1962 11 0.0183755
1962 12 0.114513
1963 1 0.433621
1963 2 0.489405
1963 3 0.295993
1963 4 0.0832931
1963 5 -0.15843
1963 6 -0.0910843
1963 7 0.458237
1963 8 0.69234
1963 9 0.413037
1963 10 0.750184
1963 11 0.529518
1963 12 0.129601
1964 1 -0.274239
1964 2 -0.497545
1964 3 -0.156882
1964 4 -0.0494996
1964 5 -0.34524
1964 6 -0.1792
1964 7 -0.544825
1964 8 -0.422542
1964 9 -0.605971
1964 10 -0.651703
1964 11 -0.0902102
1964 12 -0.0327628
1965 1 -0.213582
1965 2 -0.312009
1965 3 -0.0897462
1965 4 -0.143431
1965 5 -0.381887
1965 6 -0.338599
1965 7 -0.210854
1965 8 0.00491243
1965 9 0.152252
1965 10 0.342763
1965 11 -0.00568758
1965 12 -0.106958
1966 1 -0.0930332
1966 2 -0.00508561
1966 3 -0.198272
1966 4 -0.269577
1966 5 -0.258611
1966 6 0.0300943
1966 7 0.249333
1966 8 0.361229
1966 9 0.439805
1966 10 0.0436274
1966 11 -0.13318
1966 12 -0.0707953
1967 1 -0.13705
1967 2 0.0134744
1967 3 0.32918
1967 4 -0.115338
1967 5 -0.00441168
1967 6 0.179783
1967 7 0.355578
1967 8 0.347993
1967 9 0.453763
1967 10 0.480165
1967 11 0.229593
1967 12 0.207476
1968 1 0.303253
1968 2 0.421053
1968 3 0.240997
1968 4 0.20334
1968 5 0.0322348
1968 6 0.242356
1968 7 -0.239928
1968 8 -0.176741
1968 9 -0.345454
1968 10 -0.168393
1968 11 -0.220578
1968 12 -0.0277327
1969 1 -0.00570181
1969 2 -0.00977483
1969 3 0.202243
1969 4 0.123198
1969 5 0.0187619
1969 6 -0.448053
1969 7 -0.12908
1969 8 -0.0858552
1969 9 0.108822
1969 10 0.161188
1969 11 0.215519
1969 12 0.102943
1970 1 0.433851
1970 2 0.44128
1970 3 0.197868
1970 4 0.359867
1970 5 0.331087
1970 6 -0.220452
1970 7 -0.284989
1970 8 -0.0893644
1970 9 -0.227806
1970 10 -0.28469
1970 11 -0.0962689
1970 12 -0.0844006
1971 1 0.272675
1971 2 0.0743503
1971 3 0.252008
1971 4 0.342902
1971 5 0.0578143
1971 6 -0.101452
1971 7 -0.101376
1971 8 -0.28527
1971 9 -0.38687
1971 10 -0.287133
1971 11 0.203797
1971 12 0.343714
1972 1 0.245091
1972 2 -0.101449
1972 3 0.105574
1972 4 0.252818
1972 5 0.299524
1972 6 0.857727
1972 7 0.937313
1972 8 0.746565
1972 9 0.704107
1972 10 0.667372
1972 11 0.865837
1972 12 0.640406
1973 1 0.19898
1973 2 0.0614865
1973 3 0.123801
1973 4 0.0560337
1973 5 0.252384
1973 6 -0.0581236
1973 7 -0.194367
1973 8 -0.31471
1973 9 -0.378147
1973 10 -0.089696
1973 11 0.0458024
1973 12 0.175715
1974 1 0.341213
1974 2 0.220763
1974 3 0.304381
1974 4 0.0528282
1974 5 -0.10858
1974 6 0.101494
1974 7 0.0153243
1974 8 -0.234621
1974 9 -0.300796
1974 10 -0.491835
1974 11 -0.354236
1974 12 -0.19932
1975 1 -0.256811
1975 2 -0.153034
1975 3 -0.377458
1975 4 0.187156
1975 5 0.194461
1975 6 0.183581
1975 7 0.223239
1975 8 -0.0881329
1975 9 -0.481902
1975 10 -0.712342
1975 11 -0.15123
1975 12 -0.054511
1976 1 0.0715215
1976 2 0.150928
1976 3 0.0825729
1976 4 0.213086
1976 5 0.111381
1976 6 0.470403
1976 7 0.787755
1976 8 0.319222
1976 9 0.110924
1976 10 0.0795453
1976 11 0.00414988
1976 12 0.159593
1977 1 0.0954372
1977 2 -0.168054
1977 3 0.238572
1977 4 0.0965767
1977 5 -0.18528
1977 6 0.0535719
1977 7 0.0749802
1977 8 -0.0181748
1977 9 0.0725772
1977 10 0.54993
1977 11 0.0889283
1977 12 0.146081
1978 1 -0.481459
1978 2 -0.385866
1978 3 -0.44567
1978 4 -0.089432
1978 5 -0.399933
1978 6 -0.0686465
1978 7 0.124233
1978 8 0.011291
1978 9 0.0588727
1978 10 -0.175456
1978 11 -0.251519
1978 12 -0.112096
1979 1 0.418025
1979 2 -0.0289098
1979 3 0.0700968
1979 4 -0.0729708
1979 5 -0.278909
1979 6 0.235689
1979 7 -0.0702969
1979 8 -0.00596243
1979 9 0.0470352
1979 10 0.00922244
1979 11 -0.0559339
1979 12 0.0470447
1980 1 -0.0523125
1980 2 -0.0961742
1980 3 -0.316936
1980 4 0.0255515
1980 5 0.0840157
1980 6 -0.248777
1980 7 -0.386346
1980 8 -0.540609
1980 9 -0.375248
1980 10 -0.296383
1980 11 -0.196686
1980 12 -0.305071
1981 1 -0.0944115
1981 2 0.0717394
1981 3 0.126593
1981 4 0.197223
1981 5 0.103653
1981 6 -0.119291
1981 7 -0.298935
1981 8 -0.373841
1981 9 -0.405076
1981 10 -0.26306
1981 11 -0.139445
1981 12 0.118524
1982 1 0.222502
1982 2 0.237604
1982 3 0.130414
1982 4 0.223483
1982 5 0.338137
1982 6 0.354441
1982 7 0.47825
1982 8 0.463065
1982 9 0.734567
1982 10 0.904666
1982 11 0.461135
1982 12 0.0113146
1983 1 -0.324575
1983 2 -0.418259
1983 3 -0.581532
1983 4 -0.360879
1983 5 0.111122
1983 6 0.526998
1983 7 0.77764
1983 8 0.587614
1983 9 0.272672
1983 10 0.0435426
1983 11 -0.120039
1983 12 0.0509714
1984 1 -0.129939
1984 2 -0.0850678
1984 3 -0.0537333
1984 4 0.144972
1984 5 -0.193165
1984 6 -0.247323
1984 7 -0.134721
1984 8 -0.264189
1984 9 -0.2716
1984 10 -0.328645
1984 11 -0.22676
1984 12 -0.14159
1985 1 -0.357367
1985 2 -0.518662
1985 3 -0.44799
1985 4 -0.0830163
1985 5 -0.105802
1985 6 -0.513682
1985 7 -0.166655
1985 8 -0.22885
1985 9 0.0759479
1985 10 -0.179141
1985 11 0.236045
1985 12 -0.256808
1986 1 -0.0299694
1986 2 -0.0446205
1986 3 -0.12315
1986 4 -0.170128
1986 5 -0.0183542
1986 6 -0.143017
1986 7 -0.288682
1986 8 -0.163568
1986 9 0.175381
1986 10 0.258836
1986 11 -0.036705
1986 12 -0.110238
1987 1 0.0276487
1987 2 0.139234
1987 3 -0.0271622
1987 4 -0.0176418
1987 5 0.318386
1987 6 0.241194
1987 7 0.448536
1987 8 0.533029
1987 9 0.713015
1987 10 0.568984
1987 11 0.159068
1987 12 0.30187
1988 1 0.461305
1988 2 -0.0151596
1988 3 -0.177497
1988 4 0.00972519
1988 5 -0.357149
1988 6 -0.136237
1988 7 0.0975206
1988 8 -0.0325454
1988 9 -0.0488053
1988 10 -0.184296
1988 11 0.00350675
1988 12 0.282037
1989 1 -0.190349
1989 2 0.0263395
1989 3 -0.247772
1989 4 -0.371887
1989 5 -0.459334
1989 6 -0.643141
1989 7 -0.201808
1989 8 -0.0886323
1989 9 0.101845
1989 10 -0.0824229
1989 11 -0.131099
1989 12 -0.021126
1990 1 0.00356833
1990 2 -0.153065
1990 3 -0.0423082
1990 4 -0.248201
1990 5 -0.207446
1990 6 -0.436119
1990 7 -0.00231456
1990 8 -0.143868
1990 9 0.132933
1990 10 -0.0218657
1990 11 0.0908147
1990 12 0.154684
1991 1 0.165939
1991 2 0.000566369
1991 3 0.0508029
1991 4 0.396579
1991 5 0.494977
1991 6 0.374976
1991 7 0.480262
1991 8 0.255116
1991 9 0.395994
1991 10 0.265048
1991 11 0.203601
1991 12 0.206954
1992 1 -0.211551
1992 2 -0.280773
1992 3 -0.559826
1992 4 -0.418723
1992 5 -0.392497
1992 6 -0.686588
1992 7 -0.212186
1992 8 -0.511266
1992 9 -0.486179
1992 10 -0.308446
1992 11 -0.213621
1992 12 -0.177348
1993 1 -0.101135
1993 2 0.110734
1993 3 -0.219969
1993 4 -0.0798678
1993 5 0.0932372
1993 6 0.00771769
1993 7 0.0709689
1993 8 -0.0811746
1993 9 0.133288
1993 10 0.129502
1993 11 0.0281408
1993 12 -0.0766266
1994 1 0.104987
1994 2 -0.0713943
1994 3 0.238704
1994 4 0.416248
1994 5 0.616382
1994 6 0.48675
1994 7 0.717142
1994 8 0.945755
1994 9 0.761972
1994 10 0.948945
1994 11 0.429435
1994 12 0.368738
1995 1 0.207148
1995 2 0.235623
1995 3 0.0149197
1995 4 -0.110537
1995 5 -0.118378
1995 6 0.037233
1995 7 0.0689874
1995 8 0.0769872
1995 9 0.12574
1995 10 -0.0536738
1995 11 -0.109267
1995 12 0.202838
1996 1 0.0625566
1996 2 0.0466167
1996 3 -0.0173571
1996 4 -0.259331
1996 5 -0.160994
1996 6 -0.283853
1996 7 -0.404128
1996 8 -0.452748
1996 9 -0.396089
1996 10 -0.782837
1996 11 -0.606277
1996 12 -0.288973
1997 1 -0.0537323
1997 2 0.112141
1997 3 0.0946755
1997 4 0.138256
1997 5 0.119577
1997 6 0.17522
1997 7 0.624526
1997 8 0.800112
1997 9 1.02303
1997 10 1.11269
1997 11 1.37776
1997 12 0.954511