 1870    -1.28   -1.11   -0.65   -0.66   -0.98   -0.88   -0.90   -0.83   -0.74   -1.18   -0.93   -0.88
 1871    -0.17   -0.43   -0.35   -0.45   -0.67   -0.42   -0.40   -0.28   -0.24   -0.30   -0.21   -0.56
 1872    -0.68   -0.65   -0.54   -0.74   -0.63   -0.50   -0.29   -0.77   -0.86   -1.05   -0.87   -0.93
 1873    -0.87   -1.09   -1.40   -0.73   -0.64   -0.28   -0.36   -0.29   -0.40   -0.88   -0.93   -1.03
 1874    -1.26   -1.32   -1.37   -0.95   -0.66   -0.67   -1.00   -1.19   -1.07   -1.16   -1.14   -1.05
 1875    -0.69   -0.41   -0.55   -0.67   -0.87   -0.55   -0.75   -0.70   -0.75   -0.84   -0.81   -0.95
 1876    -1.17   -1.37   -1.31   -1.36   -1.27   -0.54   -0.31   -0.17    0.05    0.31    0.35    0.36
 1877     0.29    0.31    0.32    0.26    0.54    0.61    1.48    1.64    2.14    2.21    2.40    2.63
 1878     2.65    2.58    1.28    0.97    0.83    0.84    0.38   -0.04   -0.34   -0.52   -0.82   -0.73
 1879    -0.48   -0.17   -0.29   -0.44   -0.83   -0.46   -0.51   -0.51   -0.64   -0.79   -0.92   -0.92
 1880    -0.93   -0.54   -0.57   -0.47   -0.53   -0.55   -0.34   -0.03    0.33    0.41    0.47    0.13
 1881     0.18    0.04    0.14    0.20    0.07    0.16   -0.13   -0.26   -0.34   -0.36   -0.50   -0.42
 1882    -0.53   -0.65   -0.60   -0.03   -0.07   -0.59   -0.82   -0.65   -0.40   -0.55   -0.78   -0.76
 1883    -0.72   -0.60   -0.43   -0.18   -0.26    0.02    0.18   -0.05   -0.17   -0.41   -0.13   -0.27
 1884    -0.26   -0.14    0.17    0.44    0.46    0.06    0.37    0.34    0.36    0.43    0.58    0.63
 1885     0.32    0.21    0.03   -0.03    0.14   -0.10   -0.18    0.09    0.42    0.44    0.62    0.76
 1886    -0.37   -0.58   -0.61   -0.59   -1.02   -1.18   -0.92   -1.04   -0.99   -1.05   -1.16   -1.37
 1887    -0.86   -1.18   -1.15   -0.98   -0.79   -0.28   -0.24   -0.68   -0.21   -0.19   -0.00    0.07
 1888     0.17    0.36    0.19    0.24    0.74    0.71    0.71    0.79    1.14    1.58    2.30    1.80
 1889     2.09    1.43    0.83    0.48    0.26    0.12   -0.62   -0.91   -0.82   -1.17   -0.91   -0.98
 1890    -1.93   -1.60   -0.91   -1.01   -0.90   -0.82   -0.77   -1.02   -0.90   -1.00   -0.90   -0.53
 1891    -0.34   -0.22    0.05    0.30    0.44    0.56    0.41    0.15   -0.11   -0.13    0.04   -0.02
 1892    -0.38   -0.36   -0.56   -0.61   -0.72   -0.57   -0.55   -0.61   -0.98   -1.56   -1.49   -1.34
 1893    -1.50   -1.36   -1.20   -1.11   -1.00   -0.84   -0.89   -0.91   -0.83   -0.96   -0.81   -0.85
 1894    -0.78   -0.85   -0.81   -0.67   -0.73   -0.53   -0.49   -0.60   -0.71   -0.65   -0.74   -0.55
 1895    -0.64   -0.52   -0.47   -0.14    0.07   -0.03   -0.07    0.35    0.54    0.61    0.63    0.61
 1896     0.46    0.26    0.17    0.12    0.23    0.19    0.47    1.09    1.03    1.00    1.68    1.68
 1897     1.52    1.15    0.61   -0.09   -0.02    0.06    0.07   -0.13   -0.29   -0.40   -0.42   -0.38
 1898    -0.41   -0.50   -0.71   -0.57   -0.50   -0.40   -0.42   -0.56   -0.23   -0.22   -0.51   -0.70
 1899    -0.48   -0.50   -0.28   -0.14    0.22    0.31   -0.01    0.95    0.86    1.07    1.35    1.36
 1900     1.48    1.43    1.14    0.72    0.68    0.94    0.82    0.64    0.49    0.22   -0.00    0.37
 1901     0.54    0.11   -0.15   -0.27   -0.38   -0.36   -0.39   -0.48   -0.37   -0.27   -0.04   -0.01
 1902    -0.03    0.01    0.08    0.35    0.40    0.98    1.63    1.33    1.40    1.63    1.73    1.34
 1903     1.17    0.51    0.47    0.01   -0.14    0.15   -0.37   -0.56   -0.69   -0.60   -0.71   -1.10
 1904    -0.45   -0.60   -0.84   -0.64   -0.07    0.35    0.97    0.86    0.24    1.04    0.65    0.83
 1905     0.74    0.56    1.03    0.27    1.40    0.98    0.91    1.28    1.44    1.06    1.21    1.00
 1906     0.99    0.64    0.34    0.39   -0.00    0.10   -0.76   -0.80   -0.83   -0.73   -0.40   -0.58
 1907    -0.61   -0.47   -0.45   -0.49   -0.52   -0.22   -0.68   -0.99    0.16   -0.38   -0.32   -0.14
 1908    -0.22    0.19   -0.34   -0.62   -0.63    0.03   -0.65   -0.41   -0.61   -0.40   -0.72   -1.14
 1909    -0.10   -0.90   -0.36   -0.73   -0.52   -1.17   -0.93   -1.10   -1.00   -1.24   -1.45   -1.01
 1910    -0.91   -0.49   -0.68   -0.89   -1.18   -0.73   -0.60   -0.66   -0.94   -0.78   -0.30   -0.56
 1911    -0.53   -0.66   -0.66   -0.94   -1.14   -0.43    0.12    0.29    0.82    0.55    1.04    1.53
 1912     1.69    0.94    0.66    0.65    0.26   -0.06   -0.22   -0.36    0.27   -0.09    0.18   -0.33
 1913     0.05    0.24   -0.01   -1.04   -0.32   -0.05    0.05    0.12    0.18    0.42    0.98    1.03
 1914     0.89    0.76    0.40    0.55   -0.07    0.07    0.68    1.03    1.02    0.58    0.58    0.82
 1915     0.88    0.54    0.50    0.68    0.82    1.52    0.23    0.07    0.13    0.04   -0.31   -0.60
 1916    -0.35   -0.87   -0.74   -0.82   -0.63   -0.71   -1.41   -1.66   -1.42   -1.49   -1.75   -1.66
 1917    -1.55   -1.51   -0.87   -0.23    0.02    0.26    0.37    0.37    0.16    0.00   -0.35   -0.96
 1918    -0.97   -0.86   -0.73   -0.26    0.31    0.91    0.67    0.65    0.79    1.18    1.51    1.47
 1919     1.55    1.10    0.70    0.62    0.82    0.78    0.59    0.65    0.60    0.17   -0.35    0.26
 1920     0.80    0.71    0.60    0.19    0.19    0.31   -0.24    0.04    0.14    0.00   -0.05    0.18
 1921     0.35   -0.19   -1.03   -0.52   -0.72   -0.05   -0.14   -0.54   -0.31    0.05   -0.79   -0.72
 1922    -0.64    0.01   -0.03   -0.37    0.04   -0.52   -0.68   -1.13   -0.69   -0.32   -0.69   -0.67
 1923    -0.40   -0.65   -0.96   -0.43   -0.09    0.06    0.20    0.13    0.62    0.49    0.60    0.79
 1924     0.04    0.25    0.07   -0.22   -0.97   -0.80   -0.93   -0.74   -0.88   -0.33   -0.86   -0.75
 1925    -0.84    0.00   -0.03   -0.10   -0.04    0.45    0.92    0.91    0.90    0.90    0.94    1.58
 1926     1.57    1.17    1.27    1.20    0.99    0.64    0.81    0.15   -0.16   -0.16   -0.18   -0.05
 1927     0.13    0.42   -0.07   -0.20   -0.44   -0.16   -0.35   -0.15    0.05    0.20    0.02    0.03
 1928     0.22    0.12   -0.09   -0.21   -0.11   -0.43   -0.14   -0.34   -0.14   -0.20   -0.32   -0.13
 1929    -0.26    0.00   -0.02    0.22    0.15    0.24   -0.02    0.11    0.46    0.33    0.22    0.47
 1930     0.05    0.04    0.13    0.42    0.05    0.34    0.88    0.99    1.38    1.46    1.91    1.63
 1931     1.66    1.27    1.26    1.00    0.53    0.25    0.40   -0.11   -0.43   -0.01   -0.37   -0.32
 1932    -0.16    0.07    0.44    0.38    0.62    0.53    0.18    0.23    0.02   -0.01   -0.14   -0.36
 1933    -0.21    0.04   -0.07    0.09   -0.34   -0.63   -0.59   -0.80   -0.63   -0.90   -0.92   -1.07
 1934    -0.57   -0.61   -0.56    0.03   -0.27   -0.07   -0.34   -0.10   -0.07   -0.15    0.05   -0.37
 1935    -0.44   -0.56   -0.22    0.01   -0.21   -0.44   -0.71    0.06    0.25    0.14    0.39    0.10
 1936     0.64    0.46   -0.02    0.27   -0.20   -0.46   -0.20   -0.30    0.07    0.50    0.14    0.52
 1937    -0.09    0.30   -0.12    0.25   -0.53   -0.29    0.05   -0.35    0.35   -0.19    0.06    0.12
 1938    -0.30    0.10   -0.16   -0.21   -0.19   -1.09   -1.45   -0.99   -0.52   -0.64   -0.76   -0.99
 1939    -0.61   -0.82   -0.85   -0.19    0.01    0.36    0.25    0.24    0.14   -0.16    0.48    0.08
 1940     1.25    1.37    1.20    0.93    0.39    0.52    0.07    0.74    0.18    0.26    0.40    1.18
 1941     1.32    1.37    1.49    1.41    1.37    0.80    0.58    0.75    0.72    0.98    1.24    1.38
 1942     0.58    0.29    0.13    0.17   -0.12   -0.70   -0.90   -1.21   -1.22   -1.43   -1.56   -1.12
 1943    -0.82   -0.94   -0.98   -0.34   -0.01    0.13    0.11    0.09   -0.30   -0.15   -0.35   -0.40
 1944    -0.45    0.21   -0.12    0.28    0.15    0.20    0.21    0.05   -0.10   -0.28   -0.53   -0.50
 1945    -0.40   -0.23   -0.74   -0.47    0.11   -0.17   -0.28   -0.49   -0.41   -0.54   -0.14   -0.47
 1946    -0.62   -0.56   -0.51   -0.41   -0.44   -0.34   -0.21   -0.91   -0.22   -0.27   -0.28   -0.12
 1947     0.31   -0.07    0.26   -0.01   -0.26    0.01   -0.28   -0.46   -0.81   -0.63   -0.42    0.20
 1948    -0.04    0.41    0.60    0.16    0.16   -0.18   -0.24    0.02   -0.28   -0.70   -0.22    0.28
 1949    -0.67    0.09   -0.41    0.37    0.06   -0.74   -0.59   -0.53   -0.86   -1.04   -1.35   -1.27
 1950    -1.26   -1.51   -0.85   -0.86   -1.16   -0.90   -0.93   -0.46   -1.05   -0.81   -1.35   -0.90
 1951    -0.64   -0.35   -0.52    0.13    0.05    0.37    1.25    1.31    0.94    1.10    1.13    0.88
 1952     0.51    0.28    0.22    0.27   -0.35   -0.62   -0.66   -0.50   -0.55   -0.20   -0.44   -0.62
 1953     0.15    0.33    0.25    0.92    0.53    0.60    0.33    0.10    0.76    0.08    0.23    0.15
 1954    -0.07   -0.04   -0.22   -1.05   -1.08   -1.22   -1.24   -1.28   -1.28   -1.21   -1.28   -1.11
 1955    -0.68   -0.59   -0.78   -0.87   -1.35   -1.31   -1.15   -0.74   -1.37   -1.63   -1.98   -1.58
 1956    -1.22   -0.84   -0.57   -0.62   -0.50   -0.51   -0.66   -0.62   -0.65   -0.53   -0.95   -0.73
 1957    -0.79   -0.23    0.34    0.47    0.73    1.01    1.29    1.20    0.75    0.90    1.12    1.23
 1958     1.27    0.99    0.67    0.19    0.02    0.14    0.10    0.14   -0.14   -0.20   -0.04   -0.01
 1959     0.06    0.06    0.07    0.25    0.02   -0.33   -0.27   -0.44   -0.36    0.18   -0.14   -0.08
 1960     0.01   -0.29   -0.05   -0.18    0.00   -0.23   -0.19    0.08    0.19   -0.28   -0.64   -0.25
 1961    -0.26    0.19   -0.03    0.43    0.23    0.20   -0.56   -0.53   -0.87   -0.85   -0.22   -0.25
 1962    -0.09   -0.04   -0.49   -0.64   -0.55   -0.45   -0.28   -0.05   -0.48   -0.43   -0.58   -0.72
 1963    -0.29   -0.28    0.10    0.11    0.23    0.49    0.94    0.96    0.70    0.85    0.77    1.03
 1964     0.51    0.11   -0.25   -0.90   -1.21   -1.13   -0.54   -0.98   -0.70   -0.85   -0.82   -1.06
 1965    -0.63   -0.27   -0.06    0.23    0.71    0.82    1.05    1.38    1.32    1.44    1.53    1.38
 1966     1.20    0.60    0.16    0.10   -0.43   -0.22   -0.07   -0.45   -0.37   -0.24   -0.60   -0.61
 1967    -0.41   -0.33   -0.36   -0.57   -0.24   -0.01   -0.31   -0.65   -0.88   -0.89   -0.82   -0.78
 1968    -1.08   -1.23   -1.08   -0.57   -0.68    0.02    0.37    0.43    0.36    0.33    0.47    0.63
 1969     0.45    0.41    0.53    0.49    0.82    0.77    0.40    0.66    0.75    0.89    0.95    0.93
 1970     0.74    0.21    0.01   -0.11   -0.45   -0.76   -1.57   -1.43   -1.00   -0.80   -1.05   -1.19
 1971    -1.23   -1.33   -1.07   -0.66   -0.70   -0.71   -0.51   -0.75   -0.69   -1.01   -0.99   -1.07
 1972    -0.49   -0.23   -0.09    0.45    0.66    1.03    1.44    2.08    1.71    1.99    2.25    2.51
 1973     1.70    0.89    0.42   -0.21   -0.72   -0.86   -1.14   -1.16   -1.11   -1.28   -1.49   -1.53
 1974    -1.50   -1.10   -0.83   -0.44   -0.20   -0.11   -0.12    0.09   -0.16   -0.56   -0.65   -0.67
 1975    -0.36   -0.41   -0.34   -0.15   -0.75   -1.00   -0.77   -0.57   -0.99   -1.15   -1.12   -1.47
 1976    -1.57   -0.93   -0.46   -0.11    0.10    0.71    0.96    1.03    1.01    1.17    1.15    0.83
 1977     1.03    0.69    0.51   -0.38   -0.05    0.26    0.26   -0.15    0.07    0.62    0.68    0.60
 1978     0.51    0.31   -0.04   -0.60   -0.63   -0.60   -0.62   -0.67   -0.40   -0.07    0.08    0.33
 1979    -0.01   -0.11    0.02    0.36    0.25    0.41    0.07    0.53    0.87    0.64    0.62    0.65
 1980     0.50    0.11   -0.03    0.16    0.25    0.45    0.01   -0.12    0.03   -0.19    0.11    0.27
 1981    -0.66   -0.57   -0.14   -0.21   -0.04    0.07   -0.24   -0.26    0.10    0.19    0.00    0.36
 1982     0.28    0.10   -0.01    0.32    0.80    0.99    0.73    1.18    1.87    2.41    2.79    3.14
 1983     2.98    2.53    2.12    1.86    2.13    1.85    1.13    0.88    0.25   -0.41   -0.69   -0.55
 1984    -0.53   -0.35   -0.15   -0.31   -0.60   -1.00   -0.48   -0.44   -0.32   -0.78   -0.88   -1.29
 1985    -0.93   -0.93   -0.84   -0.85   -0.94   -0.75   -0.79   -0.73   -0.67   -0.76   -0.58   -0.60
 1986    -0.74   -0.46   -0.36   -0.32   -0.46   -0.17    0.14    0.03    0.39    0.84    0.99    0.81
 1987     1.12    1.06    1.16    1.07    1.24    1.22    1.45    1.48    1.70    1.30    1.26    1.14
 1988     0.59    0.17    0.20   -0.62   -1.13   -1.74   -1.67   -1.50   -1.33   -1.79   -1.74   -1.68
 1989    -1.32   -0.70   -0.94   -0.75   -0.61   -0.32   -0.16   -0.45   -0.25   -0.29   -0.24   -0.29
 1990    -0.20    0.22   -0.01    0.26    0.41    0.11    0.02    0.06    0.17    0.01   -0.02    0.04
 1991     0.26    0.12    0.11    0.03    0.54    0.79    0.85    0.35    0.17    0.71    1.13    1.39
 1992     1.47    1.30    1.30    1.45    1.55    0.55    0.09   -0.29   -0.29   -0.27   -0.19   -0.19
 1993     0.01    0.33    0.47    1.05    1.22    0.73    0.24    0.07    0.15    0.28    0.21    0.07
 1994     0.04   -0.20   -0.26   -0.30   -0.04    0.09   -0.27   -0.14    0.08    0.69    0.95    1.02
 1995     0.91    0.66    0.16   -0.11   -0.36   -0.13    0.01   -0.52   -0.63   -0.66   -0.65   -0.67
 1996    -0.51   -0.44   -0.19   -0.42   -0.36   -0.24   -0.15   -0.23   -0.27   -0.32   -0.38   -0.73
 1997    -0.62   -0.30    0.16    0.41    1.24    1.78    2.37    2.81    2.91    3.19    3.32    3.31
 1998     3.11    2.59    2.14    1.63    1.42    0.19   -0.06   -0.22   -0.39   -0.67   -0.61   -0.93
 1999    -0.89   -0.68   -0.26   -0.51   -0.42   -0.59   -0.54   -0.68   -0.87   -1.09   -1.32   -1.39
 2000    -1.64   -1.06   -0.72   -0.17   -0.33   -0.65   -0.48   -0.32   -0.24   -0.41   -0.62   -0.65
 2001    -0.63   -0.32    0.00    0.09   -0.14   -0.14   -0.06   -0.22   -0.61   -0.46   -0.49   -0.57
 2002    -0.41   -0.12    0.31    0.19    0.33    0.52    0.38    0.40    0.58    1.00    1.34    1.32
 2003     0.79    0.37    0.21   -0.30   -0.72   -0.40    0.12    0.13    0.09    0.46    0.45    0.60
 2004     0.50    0.23    0.04    0.08   -0.15   -0.09    0.08    0.31    0.40    0.54    0.59    0.61
 2005     0.36   -0.02   -0.06    0.26    0.42    0.28    0.23    0.15   -0.18   -0.36   -0.82   -1.20
 2006    -0.82   -0.31   -0.47   -0.14    0.04    0.09    0.10    0.42    0.78    0.92    1.03    1.13
 2007     0.71    0.09   -0.25   -0.32   -0.59   -0.41   -0.53   -0.90   -1.23   -1.41   -1.61   -1.59
 2008    -1.52   -1.16   -0.63   -0.35   -0.02    0.06    0.44    0.60    0.10    0.05   -0.05   -0.56
 2009    -0.55   -0.40   -0.66    0.05    0.51    0.81    1.00    0.78    0.83    0.86    1.29    1.54
 2010     1.17    0.88    0.72    0.65    0.16   -0.43   -0.73   -1.02   -1.27   -1.63   -1.46   -1.48
 2011    -1.33   -0.75   -0.67   -0.23   -0.06    0.20    0.16   -0.34   -0.61   -0.91   -0.94   -0.72
 2012    -0.65   -0.05   -0.04    0.12    0.18    0.61    0.94    0.81    0.46    0.11    0.27   -0.20
 2013    -0.51   -0.36    0.14    0.02   -0.50   -0.61   -0.45   -0.42   -0.15   -0.03   -0.01    0.05
 2014    -0.20   -0.56   -0.06    0.35    0.72    1.01    0.67    0.43    0.43    0.70    1.02    0.87